38
-5479 -9996 -5026 -9996
-5026 -9995 8415 -9995
-6046 -9995 -5479 -9995
-8567 -9983 -6046 -9983
-9739 -9902 -8567 -9902
8415 -9746 9711 -9746
-9948 -9266 -9739 -9266
9711 -8214 9943 -8214
-9977 -6918 -9948 -6918
9943 -261 9995 -261
-9977 4223 -9943 4223
9969 8208 9995 8208
-9943 9757 -9942 9757
-8386 9855 5703 9855
-9942 9855 -9386 9855
-8233 9940 840 9940
-9386 9942 -8386 9942
8964 9966 9969 9966
840 9979 8964 9979
-9977 -6918 -9977 4223
-9948 -9266 -9948 -6918
-9943 4223 -9943 9757
-9942 9757 -9942 9855
-9739 -9902 -9739 -9266
-9386 9855 -9386 9942
-8567 -9983 -8567 -9902
-8386 9855 -8386 9942
-8233 9940 -6046 -9995
-6046 -9983 -5479 -9996
-5479 -9995 -5026 -9996
-5026 -9995 840 9940
840 9979 5703 9855
8415 -9995 8415 -9746
8964 9966 8964 9979
9711 -9746 9711 -8214
9943 -8214 9943 -261
9969 8208 9969 9966
9995 -261 9995 8208