500
-5867 -8254 
1803 -834 
-8710 -6843 
9261 6282 
2366 -9482 
2515 -6467 
6568 -2167 
7949 -2042 
-138 3699 
9691 8292 
-9977 -6918 
-1365 4223 
-8257 7262 
8471 7857 
-1829 -8542 
9565 4634 
-5513 -2091 
1884 105 
-6701 -9659 
7852 5967 
-6304 -8620 
9457 7469 
1596 8175 
4565 8404 
5795 -6464 
7025 4003 
462 -2595 
6733 5554 
-1052 3912 
3226 4107 
2466 -2643 
4414 4688 
-675 -5371 
6747 -4413 
-4887 2642 
398 4247 
-8550 -4552 
2656 -4321 
-9565 -7300 
-1884 5466 
-3876 -7248 
-3279 4616 
3630 -3408 
3696 -1032 
-2301 -6713 
9037 -583 
-3931 -4301 
7230 8399 
855 -1589 
7904 9823 
-1332 -2653 
3059 9772 
-2335 -9282 
-79 -5362 
-3690 -8267 
8457 7393 
-4481 1810 
5457 8830 
695 -1842 
8405 6769 
1658 -8877 
6468 -8767 
5722 -5364 
6680 -2918 
-3765 -7923 
6229 1213 
-2115 -6149 
-1730 -5813 
-7889 -8815 
-313 8674 
5899 -4769 
7718 6415 
-8919 -6405 
2892 8183 
1130 -1739 
4098 -270 
-8032 -1645 
9860 3140 
1567 -2885 
8297 4111 
4886 5490 
9272 7758 
-4507 -835 
9604 -275 
-5962 -3198 
3582 -1453 
-9294 -4892 
993 832 
-4482 -580 
-3096 1176 
-4985 -6735 
6296 -1344 
-8215 -5058 
-2977 -1448 
-4925 -8455 
9481 5330 
-9625 -5909 
-7258 4067 
1899 -5477 
9803 7194 
-8393 -8354 
39 -6490 
-7428 -9654 
1841 -6042 
899 -4619 
8146 583 
6367 -2211 
8012 2875 
-6900 -1767 
5437 9925 
4166 -1357 
4690 4559 
-3920 7 
7863 9387 
-7125 -9675 
-4812 9068 
2921 -9507 
4685 7938 
2681 4506 
9989 5571 
2775 3676 
6517 8211 
-5242 -8501 
-4199 3925 
-3692 -8774 
9315 6347 
-619 -4260 
5901 -3050 
-7631 4398 
-418 7573 
2608 -3214 
3993 344 
2477 1665 
6796 2793 
-24 -5324 
1244 3687 
-5677 -1738 
-3311 9133 
-3073 1380 
9611 1630 
-5768 1030 
6801 4173 
-3764 -7168 
8467 2853 
5832 1770 
9969 9966 
-4099 2073 
2767 2320 
462 -9434 
2115 -7267 
-6338 -252 
-1848 9061 
-8566 -5187 
4536 -4642 
-8451 -6912 
2177 6291 
1320 -6370 
7964 -2725 
-6349 -4923 
1813 2494 
-7860 -3318 
-2141 8778 
879 -2484 
5288 2238 
2920 -5164 
7034 2016 
-2913 -8488 
7707 -5858 
-1485 -652 
6087 6598 
-6925 1044 
7716 8189 
-7391 3673 
-4733 9377 
-2589 821 
1776 5629 
-9926 -8868 
-4717 5932 
-8492 -7534 
7769 -3221 
-848 -7748 
8109 4703 
3780 -9978 
5032 4663 
231 -4216 
2436 -3094 
-9602 -3965 
6230 3796 
2808 -3713 
8750 4768 
1422 -8085 
2600 6706 
-6313 -911 
1968 9185 
-4877 -428 
4877 6933 
-2947 -8248 
4593 -5421 
-8936 1224 
1479 6062 
-7366 -5838 
2562 -2708 
-3651 8305 
6314 8990 
-5638 4627 
8691 5718 
6892 1980 
7352 3991 
-2729 -7361 
1076 -1450 
-4719 -9688 
5917 698 
7485 -723 
8646 4972 
-4435 -319 
1674 9478 
-8995 -5282 
-2044 -4592 
-7374 -7057 
-4251 5744 
-2758 -2884 
-2203 2211 
6077 3035 
8261 7410 
-6046 -9995 
8415 -3177 
-8790 -7787 
-7404 -3262 
6164 -7329 
8009 1220 
-7073 6165 
8796 9389 
-9463 -6536 
5413 -2765 
-2667 -624 
-2435 4587 
-4719 -261 
9995 8208 
-8267 125 
-5789 5545 
-8859 1969 
-1336 3153 
-5101 -7324 
7494 3992 
-8263 -4998 
9438 59 
-9868 -4173 
-8343 907 
-6328 627 
5379 7817 
4288 -5462 
9223 4244 
-5393 -6259 
-3551 7899 
-9209 -3238 
9049 3374 
-4182 -4293 
2081 -2788 
-2630 -6536 
8246 -859 
1496 -7653 
2049 -1191 
-170 -3983 
9511 3474 
-2747 -7650 
2260 4567 
4903 1482 
8118 7252 
7441 -6096 
7939 -791 
-2174 -9421 
2307 603 
3033 -2061 
9395 1037 
-7332 -6026 
-985 8185 
1426 -6959 
5061 -4479 
-5796 -2257 
6970 9078 
-4856 -9451 
7769 -3076 
-9825 -428 
-5078 -82 
-5995 -7466 
3857 6480 
932 -9641 
3906 -2120 
-9386 5366 
-8386 9942 
-605 -7684 
6814 -2713 
-2171 -5158 
7611 4024 
-5417 2889 
4566 3163 
649 -2551 
3399 1230 
4683 -6257 
5900 1284 
319 2013 
2025 7726 
-146 -1516 
8965 9176 
-4206 -290 
4638 6176 
-4553 6941 
2701 7310 
210 -5025 
4048 6222 
-1497 -6191 
1133 8270 
-9433 -6933 
-152 -1335 
-5073 -9211 
1761 1220 
-218 -2368 
-59 2486 
6258 -2238 
9625 1153 
-9943 -2070 
5480 9757 
2292 -7362 
3297 5624 
-3390 -5222 
7772 -5006 
-3009 348 
8659 9263 
2925 -5677 
4589 74 
-5777 3036 
-3891 3372 
-9013 -6126 
5093 1758 
-7348 -2196 
1402 7035 
7620 4157 
9473 4488 
-2148 -8775 
-1221 -2115 
-5112 -7815 
9497 4451 
-3708 2699 
7566 8092 
-3788 3761 
6335 7272 
-6760 -3590 
6716 4897 
-974 -5638 
8589 5186 
1108 4234 
6473 5265 
1146 -2877 
3623 9290 
-7661 -6436 
6632 4516 
-205 -3548 
6148 7549 
-9721 -5576 
-266 7263 
-9414 -7510 
7360 7961 
-7857 -9674 
-5978 9786 
-3943 -4625 
5529 1498 
-9774 951 
-1023 3137 
-988 -2555 
3172 459 
-3202 -9806 
1945 7006 
1507 -5121 
6008 9111 
-6844 -5686 
-4783 -217 
-5832 -6773 
5585 8804 
5490 -418 
7880 324 
-4906 -2555 
6668 5402 
-4817 -7659 
-1302 -2157 
-5171 2384 
9979 2669 
-2312 -859 
2149 4952 
-4224 -8946 
9211 -396 
-1265 -3234 
9843 3532 
-5742 -6604 
6243 -6421 
2112 -9346 
2796 -4667 
2990 -9533 
8985 6160 
-2779 1529 
4147 8625 
-1120 563 
-261 1804 
5383 1141 
9399 2751 
-8484 -3057 
2433 -2316 
-7365 -6941 
381 -450 
-5974 -6151 
-1510 5205 
-4721 7339 
7500 7814 
-8632 -7784 
2478 -473 
4240 -9887 
7541 3656 
461 -3689 
6589 1491 
-7288 1016 
858 3061 
7390 1514 
8522 3158 
-858 -9714 
6884 2172 
-8533 1886 
-1495 7610 
1234 -1081 
3392 3351 
2655 -1835 
7403 8215 
-4448 -7211 
-809 841 
-9317 -4278 
6770 -4168 
-4550 -576 
9314 7120 
-7727 -6326 
-4664 8310 
950 -574 
1175 546 
2174 -975 
9562 958 
-9613 -7344 
9414 1786 
-8797 -109 
8585 7032 
-2550 608 
9667 4760 
-2328 1346 
1835 6223 
-4992 3168 
-2775 7032 
-8567 -9983 
8292 -8207 
-9649 -9108 
-2040 -8063 
-2379 -4912 
273 316 
5110 -8862 
7694 -2317 
-720 -561 
1481 9220 
-1504 7868 
5497 9322 
-7091 -2502 
9921 3344 
1514 4935 
5651 7015 
-5479 -9996 
-5026 3666 
1530 -6980 
2479 3071 
-7317 -7754 
2328 5162 
-4063 -1081 
9291 2332 
-4726 -4240 
-2776 -3635 
-8586 -2543 
-5586 7198 
-4855 -2888 
5136 885 
-8563 7327 
-6209 8155 
-6849 1734 
6031 3645 
729 -5901 
1582 6000 
-9256 3744 
-8463 8381 
-8513 1688 
-563 2674 
-7703 -3162 
4502 9259 
3060 -3392 
4081 849 
-9903 -8652 
-4793 -1847 
-8053 -4994 
7608 -1464 
-1753 1146 
7304 6886 
-4 -6718 
2302 6525 
-6219 5014 
4054 9094 
-4319 -9842 
903 5997 
3489 3609 
3634 9749 
-182 -7030 
2463 4926 
-8274 -3155 
9467 3749 
-7222 7089 
-595 9418 
-1288 -4072 
635 -1932 
-5283 -5366 
-1675 4670 
2135 3482 
3217 9348 
-2930 -3113 
8680 6202 
-6129 -9547 
-411 -5047 
5776 655 
8620 1877 
-7015 -3665 
6555 1729 
-2279 -5840 
1352 -255 
-4308 -1086 
4326 7525 
2739 3653 
6410 5563 
-8620 3954 
-4146 4718 
-8523 -447 
-7498 7344 
5549 -6296 
7872 7877 
-1344 -4670 
4487 1690 
-9703 -4830 
2130 281 
-177 -1751 
1474 7257 
-2093 3970 
1854 6227 
-8057 -2879 
3743 9300 
-8357 -8519 
-1252 -6144 
8284 -7774 
9305 -7284 
5034 -1489 
6639 9146 
-1035 1834 
2987 3143 
-4543 7289 
-3329 9473 
1372 863 
2056 9353 
-6047 -8508 
-38 2096 
8038 -9746 
9711 -7464 
-1689 -5140 
8292 5375 
-8625 2412 
-2611 7983 
4722 -6437 
5217 889 
-5820 -6559 
4286 483 
304 -6891 
6852 -1190 
1735 -8610 
5170 -5860 
-657 -8844 
1165 -6930 
-9077 -3465 
3422 -380 
-7068 -9475 
3745 1608 
-6008 -8214 
9943 9730 
-4685 7587 
-1898 7971 
-2264 -1215 
6542 8577 
-1900 -4634 
-758 -2949 
-6682 2028 
-4322 8413 
-9231 -1977 
6273 5701 
-9003 -9146 
7384 -3076 
-3910 784 
2336 6491 
6261 -9878 
7303 -3489 
-1406 2652 
8238 7291 
5466 -9333 
6565 -3247 
-8680 553 
-4012 638 
-4168 3359 
8362 9484 
5757 -9667 
7083 -9407 
1511 -9583 
7874 3676 
-9904 -7581 
7279 3881 
3002 -777 
9377 7555 
-7395 6114 
9852 7414 
207 6772 
1906 6957 
8140 509 
8816 9054 
-8001 -1824 
-4338 -538 
-2796 -7572 
5968 2202 
1471 -2415 
2136 2751 
-7848 1164 
-391 8324 
6445 -4798 
9543 2156 
-6982 -8363 
9198 8667 
-4993 -5964 
-1528 248 
-7664 -6940 
-1442 8671 
-2070 4069 
6572 9918 
-7755 2185 
-3123 3045 
-8576 -8619 
2525 -5954 
-6181 5239 
9930 8483 
1015 -2215 
9818 2189 
-1045 -9336 
4840 -776 
-8156 2857 
-3151 5147 
-1569 -717 
6694 7168 
-2775 -7134 
3348 -4737 
-5833 -461 
1784 2149 
-2871 -6803 
-2491 -6506 
-2477 185 
-673 675 
-5665 7183 
7056 8038 
-8233 833 
1778 9940 
-7689 -9690 
6702 -2953 
-6945 -4931 
4168 9201 
-5150 -571 
533 4920 
5517 1157 
7526 1417 
1417 -9572 
7572 -8062 
-6115 -1792 
3519 4759 
3073 8917 
8259 9347 
4758 -1828 
6674 9465 
885 -2753 
4735 4156 
469 -5971 
4842 -5036 
-898 -8837 
5507 -4252 
-7674 -8095 
-5321 9353 
-1820 -855 
4618 2576 
2090 -9869 
5698 6153 
-6227 -5660 
-499 -2002 
-156 -1000 
322 7226 
-5752 -3656 
954 -1408 
-4467 -9157 
4463 9592 
-8154 1214 
5420 2469 
-7054 -9231 
1271 7353 
-219 -9674 
146 -6179 
-3571 -1753 
6176 6612 
-7311 -1707 
1384 6113 
2403 -7952 
5940 -2115 
-8808 2869 
-13 9139 
-4485 -9563 
4344 4890 
-4633 87 
-297 2187 
3690 751 
5004 4386 
2852 -7836 
5252 -4098 
-7999 -3940 
-6385 1873 
-8685 2114 
-1463 2979 
2127 -4110 
3922 6849 
-7928 1316 
4365 9259 
-125 -5236 
1943 -120 
-1497 -3638 
5512 9791 
-2815 693 
7242 9093 
1559 -2285 
9803 5068 
-9524 618 
-2530 6835 
-841 2463 
1436 4763 
715 -5700 
1735 -1975 
5472 -469 
8943 7249 
-7261 -4854 
-252 9141 
-4901 -9332 
-3620 -4219 
-6305 -8863 
7541 3498 
3008 -3029 
7439 4424 
-3571 2568 
-1203 3973 
-6196 286 
-1077 2436 
-8970 -5671 
-4165 1070 
-3598 -2827 
108 2830 
-8285 3553 
5450 6630 
-1130 -4957 
867 1065 
1051 -303 
3615 5440 
-2759 946 
4824 8006 
5732 4529 
8668 6484 
-8990 -7249 
5231 -4953 
-8317 5984 
3508 7737 
-9948 -9266 
-8340 -1211 
-9213 5799 
-7874 7784 
-5221 -1526 
3155 5210 
1590 -9031 
8102 6675 
-7467 4285 
8589 8042 
-7354 -2032 
-1744 9843 
-4516 -9749 
448 -6951 
-8543 -366 
-4367 7111 
-6578 1839 
-3346 5874 
-675 -3054 
5684 8538 
-9306 -5783 
-3956 -1366 
-9547 5580 
1893 6835 
990 -8032 
8298 -2855 
-9008 -4906 
-989 756 
-8819 -7253 
9688 2661 
-2257 -7650 
3767 -3832 
3153 -9496 
5591 -7352 
-503 -6247 
7009 5751 
-6527 -1398 
-1654 1106 
-3868 -285 
-2693 8096 
-9942 -1556 
5703 9855 
-6392 -7704 
5967 5775 
975 -2664 
2665 7082 
-2829 5441 
9928 6886 
-4776 5928 
1159 6231 
-7367 -8713 
-5154 -7343 
4187 -3170 
9044 4716 
3967 -3911 
6277 -1694 
-3346 1955 
6260 7857 
1211 2270 
6708 3218 
-6160 -4957 
-2325 -2047 
-1281 -7463 
-944 4488 
-6346 -1747 
7051 273 
1916 -8541 
7739 -3821 
7451 -5157 
9502 -412 
-6143 -7835 
6408 -3475 
-9914 8185 
-3035 8675 
-9184 4558 
-9084 6794 
695 -9719 
1554 9777 
-2238 -5186 
8475 3922 
-8421 -6157 
1760 2914 
-6638 1654 
-468 9669 
-9348 -4385 
-9110 4541 
-1284 8409 
8517 8584 
-4706 -5633 
-106 -1725 
840 399 
8964 9979 
-9683 -1110 
-4867 8963 
-9739 -9902 
-6854 -7917 
8722 5750 
9171 6275 
-8054 -8747 
7256 797 
-9027 -7085 
-4842 -2507 
-939 -5373 
4572 9233 
-3069 -1520 
6945 6793 
5998 3075 
9803 4283 
-3469 -6642 
5522 7058 
6262 -4545 
9106 1231 
-1528 -5460 
3320 8822 
-4213 -5560 
2384 -465 
-9866 -4447 
6801 5968 
-4556 -7773 
3658 4428 
-8925 780 
5203 1570 
3242 4264 
6851 4497 
-8897 2451 
3380 9025 
-8146 -4500 
-3947 9126 
-4333 -8365 
6716 2167 
-7654 -7345 
-48 5540 
-2828 -7501 
6102 4305 
-3992 -6959 
-1376 -6783 
-7683 6198 
-2452 8958 
5759 -9017 
7340 -5872 
-928 -2019 
5539 -1305 
-6965 -9595 
-952 5727 
-2539 -7032 
2782 -5592 
-9646 637 
5176 8211 
-4143 -5659 
379 -1333 
1571 -2032 
2496 5685 
6463 748 
7092 6133 
317 2920 
836 5870 
6201 -2658 
6917 2372 
1778 -359 
2371 5047 
-6328 -3181 
44 5675 
499 -7201 
3948 -1895 
-1277 -2941 
5344 -1411 
-8659 1581 
-1368 1706 
2350 -1961 
4641 805 
9000 4769 
9194 7766 
7758 1887 
9493 8231 
-9550 -5708 
-909 9543 
-2763 -5911 
3345 931 
-5555 -678 
4661 5278 
-9336 7028 
-7218 7252 
-2063 -4309 
1007 3597 
-9447 -1075 
-3764 5561 
-9690 -8069 
9454 8289 
151 -852 
6940 -409 
2035 1033 
3335 3403 
-4172 -4626 
8580 7160 
-1373 -4142 
5502 799 
-6129 -8181 
7668 -7062 
-3221 -4160 
7899 2741 
-2175 -8304 
-693 3857 
-8969 -6436 
-632 -6181 
464 1754 
4640 9843 
-8218 6715 
4481 9077 
-9005 -6421 
5644 3060 
-8659 -3471 
1794 107 
-4692 -3325 
-1499 3089 
-9704 -156 
487 4055 
-6612 -7718 
8657 6878